116.318417
116.31845
116.318417
116.318385
116.318263
116.318026
116.317761
116.317517
116.317294
116.317065
116.316911
116.316716
116.316527
116.316354
116.316188
116.315963
116.315823
116.315611
116.315407
116.315148
116.314907
116.314808
116.314625
116.314426
116.31424
116.314042
116.313818
116.313659
116.314323
116.314107
116.313941
116.313724
116.313521
116.313311
116.313099
116.312921
116.312746
116.312525
116.312332
116.312123
116.311917
116.31172
116.311569
116.31138
116.311189
116.311026
116.310854
116.31066
116.310534
116.31033
116.310063
116.309937
116.309851
116.309749
116.309656
116.309503
116.309348
116.309173
116.308993
116.308827
116.308638
116.308485
116.308351
116.308201
116.308049
116.307902
116.307809
116.307687
116.307548
116.307434
116.307292
116.307126
116.306943
116.306801
116.306633
116.306486
116.3063
116.306047
116.305854
116.305682
116.305466
116.305281
116.305023
116.304909
116.304704
116.304543
116.304315
116.304083
116.303934
116.303813
116.303672
116.303444
116.303298
116.303132
116.30292
116.302754
116.302601
116.302457
116.302271
116.302094
116.301888
116.301693
116.3015
116.301309
116.301107
116.300877
116.300674
116.300462
116.300307
116.300156
116.299943
116.29981
116.299744
116.299703
116.299699
116.299697
116.299721
116.299736
116.299573
116.299578
116.299566
116.299496
116.299476
116.299425
116.299353
116.299279
116.299235
116.299238
116.299267
116.299305
116.299321
116.299314
116.299314
116.299307
116.299311
116.299302
116.299265
116.299191
116.299147
116.299083
116.299031
116.298932
116.298903
116.298869
116.298825
116.298773
116.298725
116.298663
116.286798
116.285446
116.299292
116.299329
116.299413
116.299467
116.299477
116.299569
116.29953
116.299645
116.299523
116.299528
116.299508
116.299473
116.299451
116.299451
116.299451
116.299447
116.299438
116.299411
116.299405
116.299407
116.299407
116.299412
116.299466
116.29941
116.299318
116.299315
116.299305
116.299297
116.299391
116.299504
116.299617
116.299625
116.299536
116.29952
116.299902
116.300177
116.300329
116.300308
116.300188
116.300058
116.300019
116.300043
116.300058
116.300151
116.300216
116.300332
116.300514
116.300689
116.300885
116.301049
116.301221
116.301391
116.301568
116.301741
116.301915
116.302055
116.302264
116.302488
116.302679
116.30286
116.303037
116.303258
116.303496
116.303685
116.303884
116.304067
116.304163
116.30426
116.304459
116.304647
116.304811
116.304927
116.305192
116.305348
116.305499
116.305649
116.305834
116.305984
116.306178
116.306363
116.306531
116.306711
116.306893
116.307092
116.307341
116.30751
116.307633
116.307735
116.307933
116.308133
116.308313
116.308579
116.308774
116.30898
116.309152
116.30931
116.309494
116.309701
116.309888
116.30998
116.30998
116.309969
116.309961
116.309941
116.309978
116.310034
116.310025
116.309956
116.309885
116.309862
116.309893
116.309956
116.309974
116.309987
116.310004
116.31007
116.310084
116.310088
116.310049
116.310027
116.310059
116.310052
116.309902
116.309931
116.309866
116.309824
116.309784
116.309793
116.309833
116.309866
116.309905
116.309949
116.310031
116.310049
116.310024
116.310098
116.310115
116.310169
116.310215
116.310258
116.310277
116.31019
116.310134
116.310114
116.310111
116.310105
116.310103
116.310101
116.310095
116.310092
116.31009
116.310088
116.310087
116.310087
116.31009
116.310066
116.310109
116.310205
116.310318
116.310479
116.310657
116.310827
116.310971
116.311149
116.311312
116.311507
116.311693
116.311915
116.312107
116.312282
116.312473
116.312666
116.312853
116.313047
116.313244
116.313469
116.313681
116.31384
116.31403
116.314209
116.314385
116.314596
116.314797
116.315003
116.315193
116.315342
116.315529
116.315643
116.31579
116.315958
116.316172
116.316381
116.316575
116.316756
116.316999
116.317235
116.317452
116.317661
116.317874
116.318083
116.318231
116.31848
116.318691
116.318904
116.319098
116.319315
116.31949
116.319683
116.319866
116.320062
116.320255
116.320445
116.320622
116.320803
116.321002
116.321179
116.321384
116.321583
116.321736
116.321874
116.322004
116.322176
116.322296
116.322436
116.322668
116.322784
116.322778
116.322774
116.322784
116.322812
116.3228
116.322797
116.32281
116.322891
116.322891
116.322713
116.322617
116.322651
116.32276
116.322744
116.322658
116.322579
116.322804
116.322829
116.322786
116.322763
116.322723
116.322641
116.322625
116.32262
116.322606
116.322607
116.322533
116.32252
116.322517
116.322556
116.322544
116.322552
116.322481
116.322464
116.322425
116.322412
116.322348
116.322337
116.322428
116.322428
116.322314
116.322301
116.322317
116.32231
116.322261
116.322268
116.322236
116.322225
116.322225
116.322254
116.322196
116.322176
116.322161
116.322148
116.322178
116.322324
116.322434
116.322587
116.32276
116.322932
116.323134
116.32328
116.323448
116.323605
116.323605
116.323732
116.324069
116.324258
116.324405
116.324452
116.324453
116.324455
116.324455
116.324456
116.32451
116.324481
116.324477
116.324493
116.324511
116.324511
116.324511
116.324512
116.324513
116.324496
116.324498
116.324545
116.324531
116.324478
116.3246
116.324639
116.324684
116.324722
116.324801
116.324886
116.320158
116.320388
116.320545
116.320683
116.320835
116.32101
116.321153
116.321277
116.321318
116.32128
116.32126
116.321389
116.321455
116.321491
116.321518
116.321521
116.321463
116.321461
116.321474
116.321459
116.321447
116.321454
116.321396
116.321356
116.321395
116.321412
116.321414
116.321426
116.321437
116.321441
116.321425
116.321421
116.321446
116.321443
116.321385
116.321402
116.321449
116.321502
116.321564
116.321623
116.321625
116.321625
116.321631
116.321659
116.321484
116.322217
116.32244
116.322406
116.321628
116.321587
116.321544
116.321525
116.321525
116.321517
116.321457
116.321436
116.321434
116.321374
116.321397
116.321462
116.321486
116.321479
116.321479
116.321481
116.321491
116.32152
116.321585
116.321467
116.321442
116.321453
116.321479
116.321517
116.32156
116.321616
116.32156
116.321491
116.321407
116.321407
116.321412
116.321399
116.321389
116.321389
116.321392
116.321472
116.321446
116.321447
116.321447
116.321451
116.321473
116.32147
116.321445
116.32143
116.321437
116.321485
116.321449
116.321501
116.321558
116.321511
116.321511
116.321518
116.321537
116.321518
116.321499
116.321499
116.321506
116.321522
116.321576
116.321569
116.321569
116.321575
116.321614
116.321526
116.321432
116.321455
116.321485
116.32151
116.32148
116.32153
116.321596
116.321657
116.321721
116.321781
116.321871
116.321952
116.322007
116.322103
116.322121
116.322135
116.322152
116.322162
116.322179
116.32219
116.322177
116.32219
116.322206
116.32222
116.321916
116.321838
116.321811
116.321823
116.321833
116.32185
116.320888
116.321493
116.321349
116.32116
116.321109
116.321037
116.321012
116.320977
116.320964
116.320937
116.320886
116.32083
116.3208
116.320772
116.320688
116.320669
116.320654
116.320619
116.320573
116.320547
116.320543
116.320499
116.320473
116.320418
116.320359
116.320335
116.320309
116.320287
116.320241
116.320238
116.320237
116.320239
116.320239
116.320239
116.32024
116.32023
116.320181
116.320093
116.319986
116.319953
116.319953
116.31995
116.31987
116.319732
116.31965
116.319517
116.319506
116.319493
116.319436
116.319403
116.319391
116.319376
116.319364
116.319357
116.319321
116.319312
116.319307
116.319307
116.319313
116.31934
116.319355
116.319369
116.319385
116.319403
116.319417
116.319417
116.319414
116.319384
116.319321
116.319266
116.319215
116.319181
116.319151
116.319756
116.319657
116.319432
116.319354
116.319379
116.319371
116.319316
116.319238
116.319088
116.319088
116.319084
116.319036
116.31903
116.319007
116.318957
116.318852
116.318775
116.318705
116.318623
116.318546
116.318487
116.318444
116.318365
116.318248
116.318293
116.318471
116.318444
116.31838
116.318326
116.318275
116.318251
116.318267
116.318339
116.318474
116.318568
116.318639
116.318684
116.318699
116.318706
116.318842
116.318826
116.318792
116.318741
116.318672
116.318565
116.318494
116.318455
116.319607
116.319334
116.319131
116.318956
116.318793
116.31865
116.31854
116.31912
116.319124
116.31909
116.319085
116.31909
116.319094
116.319041
116.318962
116.318892
116.318825
116.318799
116.318754
116.31869
116.318784
116.318863
116.318817
116.318827
116.318829
116.318788
116.318763
116.318756
116.318753
116.318816
116.318941
116.318897
116.318936
116.319454
116.319409
116.319385
116.319403
116.319429
116.319475
116.319505
116.319529
116.319537
116.319549
116.319591
116.319618
116.319597
116.319548
116.319525
116.31949
116.319482
116.319483
116.319483
116.319489
116.319488
116.319484
116.319484
116.319481
116.319455
116.318549
116.318549
116.318544
116.318571
116.31856
116.318572
116.318581
116.318568
116.318548
116.318565
116.318625
116.318817
116.318884
116.318965
116.319072
116.319175
116.319239
116.319286
116.319309
116.319351
116.319398
116.319424
116.319419
116.319381
116.319294
116.319674
116.319674
116.319676
116.319695
116.319786
116.319816
116.319834
116.31989
116.319966
116.32005
116.320119
116.320243
116.320301
116.320389
116.320364
116.320343
116.320328
116.320325
116.320339
116.320394
116.320486
116.320571
116.320646
116.320738
116.32081
116.320851
116.320857
116.320872
116.320864
116.320918
116.320997
116.321079
116.321168
116.321249
116.321297
116.321395
116.321462
116.321504
116.321516
116.321555
116.321571
116.321615
116.321677
116.321766
116.321858
116.321933
116.322009
116.322087
116.322144
116.322234
116.322306
116.322331
116.322311
116.3223
116.3223
116.322297
116.322297
116.322298
116.323722
116.32369
116.323112
116.322741
116.322551
116.322462
116.322356
116.322259
116.322177
116.322088
116.321992
116.32191
116.32185
116.321784
116.321736
116.321695
116.321684
116.321683
116.321683
116.321682
116.321623
116.321551
116.321485
116.321862
116.322251
116.321603
116.32161
116.321431
116.321399
116.321326
116.321211
116.32113
116.32105
116.320978
116.320887
